0.49036020891908205,
0.06732709289553362,
0.13173063923393247,
0.5438943176208447,
0.3623703171027203,
0.9500373281178006,
0.8491858638074465,
0.6040932995113322,
0.7892938340402548,
0.10528637797531981,
0.44010314650257165,
0.06825456844183408,
0.34858286925970017,
0.41166504135218884,
0.9153318292118069,
0.03607719259637099,
0.11079211645983478,
0.1657781430375309,
0.38874864995042746,
0.5687964195612095,
0.31404343313950256,
0.2568173501026838,
0.037380830895666795,
0.6898341727532633,
0.3258983651975338,
0.7356970380686092,
0.5108394211224636,
0.21954462564809418,
0.6019521829774572,
0.26595025858730803,
0.17317760847193653,
0.641488009377562,
0.6265869425826373,
0.5643370766841675,
0.1564979852708499,
0.9234426825300901,
0.4960411626418585,
0.9712507274748068,
0.8624149575941645,
0.44064031110646773,
0.22522834199541253,
0.19333266569775387,
0.5284822242591585,
0.8555991228083887,
0.1444175472294128,
0.9250021160547839,
0.5803960971710431,
0.5683580724095568,
0.6605595735496793,
0.1589417254906328,
0.4955551218777816,
0.4137790037906949,
0.8202400593413183,
0.41906790092196144,
0.9115034466343209,
0.37384386105154777,
0.5679275280218223,
0.5097014956933184,
0.1637412636306147,
0.7141928737006897,
0.5079234208858023,
0.38646483684929,
0.238281785811308,
0.9711506860719621,
0.9765436686361956,
0.26200334559527827,
0.14855943622356593,
0.8594318773763766,
0.14559582105594693,
0.6627022315162902,
0.04026533055038905,6
0.6109634399287515,
0.28381450485655313,
0.7156502207582277,
0.5956161813797948,
0.17252098461661258,
0.2538616642551904,
0.03197041965065816,6
0.14204465655215648,
0.3843204910561461,
0.7109222650468006,
0.8310634337342913,
0.735262672673919,
0.4771297528509477,
0.9747341296614065,
0.36507778044896,
0.8338588405898512,
0.0026505928041210,547
0.32749076608637384,
0.5439548236200353,
0.15133201806547714,
0.0616226793752046,
0.22101319160507715,
0.8328317232559018,
0.8917641486490449,
0.35338402895276877,
0.9047801668712163,
0.705441272630623,
0.33970846738041116,
0.571277869892556,
0.29968831124636364,
0.6758182384734934,
0.6566350643533668,
0.6548970054722019,
0.49121601772316026,
0.33366254947190144,
0.525692689664141,
0.41215799233271644
0.8143369018411366,
0.5303013948021553,
0.6918570618857995,
0.34840239068476875,
0.21796294036799146
0.8141866837357321
0.24280989339166803
0.39402330862071855
0.9290013854348068
0.2806264463995345
0.170546892388585
0.28318621173633995
0.039964400846214665
0.535374013849355
0.9598394096619433
0.016039777902532415
0.5834471817450156
0.5253072847444203
0.6180241306155334
0.008403960439604119
0.539787716232909
0.6797808086313784
0.048661829315338356
0.41533297224381704
0.18169381042224775
0.04942608662826331
0.9577573556528909
0.24605584431669636
0.98877977762412
0.21844212556197085
0.7917754419158374
0.588475161054237
0.9328882181278355
0.33823472634244345
0.08211335193417868
0.2986451549405621
0.347796731856051
0.18552478656025762
0.30962836507311287
0.23748604090637015
0.7958920579489213
0.3662884089797349
0.30203970092739496
0.43925570940833825
0.032050595430166307
0.637912266141835
0.637668350616933
0.5848207252403895
0.07735762948454017
0.3717282879183641
0.6432984730199861
0.7405404935383156
0.23912853208152318
0.4064844675066118
0.9187703229899448
0.11225703314849911
0.8350180511011697
0.5290939941154227
0.8789046401035666
0.3475285884903747
0.8187792594978143
0.4684680390286754
0.9347878743738861
0.15666959597066643
0.8304528284407866
0.8552904655073635
0.9606759091711106
0.06405573138545118
0.6625508935746935
0.4240242088872711
0.7510073405439011
0.8322459825469042
0.9655717042369457
0.7342857240946522
0.7860290052824629
0.9629407406560639
0.1548592583561128
0.19891062662575343
0.666993320422612
0.28952791542007694
0.42495021674789046
0.8640828969732858
0.6979587869099854
0.12411582391646536
0.16198290071748123
0.5423163409642123
0.7239672455633009
0.9065518045801993
0.9312726672605994
0.8329906329324666
0.6267984620225758
0.92222914024554
0.1701644053425082
0.9234548489327535
0.610994850505416
0.47741405928821345
0.4989539626055127
0.9909138078577789
0.7704169528400902
0.03480446329301512
0.03398843121797901
0.50567983958639
0.8397245910746309
0.1506933778279429
0.772949487305707
0.7660104449100639
0.33002207907179604
0.9941776275393982
0.7003008144920814
0.05007540413981537
0.571023297316324
0.6009763410602511
0.5615784304668401
0.4166763960940204
0.15390301916233529
0.3350999299774361
0.9111310156423331
0.7637391657907759
0.9089889060857732
0.17812865548110202
0.08006178741188119
0.8991764170717395
0.07052145718625513
0.24294421966020896
0.8936973785117609
0.6189437929050853
0.3933886614933708
0.7223796025579653
0.366519067954576
0.285904278842546
0.49982765122238915
0.47489451814884176
0.5531065785948142
0.061639145702879095
0.017688191082200544
0.33328286911804106
0.19554145388253996
0.6830510705973057
0.08811971935554541
0.7718156547823842
0.0828149572697815
0.06965158594422494
0.4142941330356913
0.6235956573305301
0.4559668844581105
0.2480187818878894
0.33084086716922234
0.7628225749987206
0.46125402064886367
0.4993573976586787
0.7602195561148812
0.19556158113859645
0.6542243125541118
0.8300213223750755
0.8060489168915083
0.1407338817561955
0.1454292983022304
0.5886616313964985
0.7996290150439114
0.36207233457774035
0.6404666566865687
0.3807327460979786
0.7586010515977857
0.23154791775868777
0.10311195123899641
0.595499897043409
0.13182997737273705
0.548491091044002
0.06383538919078002
0.7839028053583804
0.9898313671956414
0.01843222363718744
0.643663361928882
0.10951515208977314
0.9985863541084186
0.8606519311864804
0.8381438218709304
0.7811035995249292
0.6473267682715236
0.562167615503989
0.05095264204697425
0.010840959376036796
0.7463441879899413
0.8370782782293398
